1398759.26307
1594205.75197
1368345.25187
1545733.40324
1640984.22966
1449195.77364
1652525.47794
1674087.62451
1653735.81573
1660951.63571
1140890.25042
1606696.98152
1706231.63869
1678438.96481
1608896.05164
1362920.31663
1337954.99374
1503699.69716
1621366.71926
1637034.93029
1671069.34033
1680210.32754
1595565.12217
1734441.15593
1592952.26302
1451431.07168
1613011.20365
1593394.69142
1417380.78297
1690699.13606
1612674.0689
1644246.00105
1589915.5863
1480337.74666
1552978.0194
1482233.133
1373237.98981
1658996.30957
1658292.31756
1567391.23798
1314545.6565
1608023.86389
1441568.02087
1630959.57516
1566750.3053
1655373.72366
1302000.62388
1320695.12776
1303227.21729
1345560.34163
1676002.5577
1337639.45053
1654590.03422
1651436.02311
1670214.78624
1375251.21353
1495749.60099
1652986.83397
1663535.56755
1622975.89641
1423674.99713
1615021.80237
1644584.79518
1164503.19561
1672878.61641
1571767.7902
1683005.22661
1588486.16576
1507440.0287
1576434.96018
1618986.39266
1448791.35552
1484797.94282
1645207.94761
1612157.41495
1649224.19338
1507750.0428
1664972.04328
1593522.36417
1670066.08387
1281045.30607
1627778.23831
1313765.59604
1420933.70124
1184651.7989
1549697.32289
1583918.76302
1615711.68424
1529538.44691
1619631.7578
1657452.874
1563490.13399
1662472.80098
1691362.50627
1633532.90148
1452072.59684
1408406.2664198
1581354.72841
1511353.88071
1611838.6618
